#' Emoji Master List
#'
#' A list of emoji Unicode values with human-friendly names.
#'
#' @docType data
#' @keywords emoji
#' @name emoji_dict
#' @usage data(emoji_dict)
#' @format A named list of emoji names and corresponding Unicode symbols.
#' @examples
#' data(emoji_dict)
#' head(emoji_dict)
NULL

emoji_dict <- list(

# Most commonly used emojies
  # Faces and Expressions
  smile = "\U0001F604",
  wink = "\U0001F609",
  sad = "\U0001F61E",
  surprised = "\U0001F62E",
  tongue_out = "\U0001F61B",
  angry = "\U0001F620",

  # People and Action
  person = "\U0001F9D1",
  family = "\U0001F46A",
  dancer = "\U0001F483",
  runner = "\U0001F3C3",
  worker = "\U0001F9D1\U0000200D\U0001F3ED",

  # Animals
  dog = "\U0001F436",
  cat = "\U0001F431",
  horse = "\U0001F40E",
  mouse = "\U0001F42D",
  lion = "\U0001F981",

  # Objects and Things
  heart = "\u2764\ufe0f",
  star = "\U00002B50",
  gift = "\U0001F381",
  lightbulb = "\U0001F4A1",
  fire = "\U0001F525",

  # Food
  pizza = "\U0001F355",
  apple = "\U0001F34E",
  burger = "\U0001F354",
  cake = "\U0001F370",
  ice_cream = "\U0001F368",

  # Weather
  sun = "\U00002600",
  cloud = "\U00002601",
  rainbow = "\U0001F308",
  thunderstorm = "\U0001F329",
  snowflake = "\U00002744",

  # Travel and Places
  airplane = "\U0001F6E9",
  car = "\U0001F697",
  bus = "\U0001F68C",
  mountain = "\U0001F3D4",
  beach = "\U0001F3D6",

  # Symbols
  check = "\U00002705",
  cross = "\U0000274C",
  warning = "\U000026A0",
  info = "\U00002139",
  question = "\U00002753",
  stop = "\U0001F6D1",

  # Programming
  package = "\U0001F4E6",
  cran = "\U0001F4E6",
  laptop = "\U0001F4BB",
  devtools = "\U0001F4D8",
  setting = "\U00002699",

  # charts
  barchart = "\U0001F4CA",
  increasing = "\U0001F4C8",

  # hearts
  `Red Heart` = "\u2764\ufe0f",
  `Blue Heart` = "\U0001F499",
  `Green Heart` = "\U0001F49A",
  `Yellow Heart` = "\U0001F49B",
  `Purple Heart` = "\U0001F49C",
  `Black Heart` = "\U0001F5A4",
  `White Heart` = "\U0001F90D",
  `Brown Heart` = "\U0001F90E",

  # coffee
  coffee = "\u2615",

  # Other
  wrench = "\U0001F527",
  sparkles = "\u2728",
  brain = "\U0001F9E0",
  pain = "\U0001F623",
  pregnancy = "\U0001F930",
  keyboard = "\U00002328",
  announcement = "\U0001F4E2",
  globe = "\U0001F30D",
  sparkling_heart <- "\U0001F496",
  bug = "\U0001F41B",
  goat = "\U1F410",

  # Punctuation marks
  Double_Exclamation_Mark = "\U0000203C",
  Exclamation_Question_Mark = "\U00002049",
  Red_Question_Mark = "\U00002753",
  White_Question_Mark = "\U00002754",
  White_Exclamation_Mark = "\U00002755",
  Red_Exclamation_Mark = "\U00002757",
  Wavy_Dash = "\U00003030",

 # Other from
  Medical_Symbol = "\U00002695",
  Recycling_Symbol = "\U0000267B",
  Fleur_de_lis = "\U0000269C",
  Trident_Emblem = "\U0001F531",
  Name_Badge = "\U0001F4DB",
  Japanese_Symbol_for_Beginner = "\U0001F530",
  Hollow_Red_Circle = "\U00002B55",
  Check_Mark_Button = "\U00002705",
  Check_Box_With_Check = "\U00002611",
  Check_Mark = "\U00002714",
  Cross_Mark = "\U0000274C",
  Cross_Mark_Button = "\U0000274E",
  Curly_Loop = "\U000027B0",
  Double_Curly_Loop = "\U000027BF",
  Part_Alternation_Mark = "\U0000303D",
  Eight_Spoked_Asterisk = "\U00002733",
  Eight_Point_Star = "\U00002734",
  Sparkle = "\U00002747",
  Copyright_Symbol = "\U000000A9",
  Registered_Symbol = "\U000000AE",

 # Math
 Multiply = "\U00002716",
 Plus = "\U00002795",
 Minus = "\U00002796",
 Divide = "\U00002797",
 Heavy_Equals_Sign = "\U0001F7F0",
 Infinity = "\U0000267E",

 # gender
 Female_Sign = "\U00002640",
 Male_Sign = "\U00002642",
 Transgender_Symbol = "\U000026A7",

 # Gender

 Place_of_Worship = "\U0001F6D0",
 Atom_Symbol = "\U0000269B",
 Om = "\U0001F549",
 Star_of_David = "\U00002721",
 Wheel_of_Dharma = "\U00002638",
 Yin_Yang = "\U0000262F",
 Latin_Cross = "\U0000271D",
 Orthodox_Cross = "\U00002626",
 Star_and_Crescent = "\U0000262A",
 Peace_Symbol = "\U0000262E",
 Menorah = "\U0001F54E",
 Dotted_Six_Pointed_Star = "\U0001F52F",
 Khanda = "\U0001FAAF",

 # Arrow
 Up_Arrow = "\U00002B06",
 Up_Right_Arrow = "\U00002197",
 Right_Arrow = "\U000027A1",
 Down_Right_Arrow = "\U00002198",
 Down_Arrow = "\U00002B07",
 Down_Left_Arrow = "\U00002199",
 Left_Arrow = "\U00002B05",
 Up_Left_Arrow = "\U00002196",
 Up_Down_Arrow = "\U00002195",
 Left_Right_Arrow = "\U00002194",
 Right_Arrow_Curving_Left = "\U000021A9",
 Left_Arrow_Curving_Right = "\U000021AA",
 Right_Arrow_Curving_Up = "\U00002934",
 Right_Arrow_Curving_Down = "\U00002935",
 Clockwise_Vertical_Arrows = "\U0001F503",
 Counterclockwise_Arrows_Button = "\U0001F504",
 Back_Arrow = "\U0001F519",
 End_Arrow = "\U0001F51A",
 On_Arrow = "\U0001F51B",
 Soon_Arrow = "\U0001F51C",

 # Warnning

 Warning = "\U000026A0",
 Children_Crossing = "\U0001F6B8",
 No_Entry = "\U000026D4",
 Prohibited = "\U0001F6AB",
 No_Bicycles = "\U0001F6B3",
 No_Smoking = "\U0001F6AD",
 No_Littering = "\U0001F6AF",
 Non_Potable_Water = "\U0001F6B1",
 No_Pedestrians = "\U0001F6B7",
 No_Mobile_Phones = "\U0001F4F5",
 No_One_Under_Eighteen = "\U0001F51E",
 Radioactive = "\U00002622",
 Biohazard = "\U00002623",

 # Transport sign

 ATM_Sign = "\U0001F3E7",
 Litter_in_Bin_Sign = "\U0001F6AE",
 Potable_Water = "\U0001F6B0",
 Wheelchair_Symbol = "\U0000267F",
 Mens_Room = "\U0001F6B9",
 Womens_Room = "\U0001F6BA",
 Restroom = "\U0001F6BB",
 Baby_Symbol = "\U0001F6BC",
 Water_Closet = "\U0001F6BE",
 Passport_Control = "\U0001F6C2",
 Customs = "\U0001F6C3",
 Baggage_Claim = "\U0001F6C4",
 Left_Luggage = "\U0001F6C5",

 # Medical
 Syringe = "\U0001F489",
 Drop_of_Blood = "\U0001FA78",
 Pill = "\U0001F48A",
 Adhesive_Bandage = "\U0001FA79",
 Crutch = "\U0001FA7C",
 Stethoscope = "\U0001FA7A",
 XRay = "\U0001FA7B",

# Science

Alembic = "\U00002697",
Test_Tube = "\U0001F9EA",
Petri_Dish = "\U0001F9EB",
DNA = "\U0001F9EC",
Microscope = "\U0001F52C",
Telescope = "\U0001F52D",
Satellite_Antenna = "\U0001F4E1",

# Tool

Hammer = "\U0001F528",
Axe = "\U0001FA93",
Pick = "\U000026CF",
Hammer_and_Pick = "\U00002692",
Hammer_and_Wrench = "\U0001F6E0",
Dagger = "\U0001F5E1",
Crossed_Swords = "\U00002694",
Bomb = "\U0001F4A3",
Boomerang = "\U0001FA83",
Bow_and_Arrow = "\U0001F3F9",
Shield = "\U0001F6E1",
Carpentry_Saw = "\U0001FA9A",
Wrench = "\U0001F527",
Screwdriver = "\U0001FA9B",
Nut_and_Bolt = "\U0001F529",
Gear = "\U00002699",
Clamp = "\U0001F5DC",
Balance_Scale = "\U00002696",
White_Cane = "\U0001F9AF",
Link = "\U0001F517",

# Lock

Locked = "\U0001F512",
Unlocked = "\U0001F513",
Locked_with_Pen = "\U0001F50F",
Locked_with_Key = "\U0001F510",
Key = "\U0001F511",
Old_Key = "\U0001F5DD",

# office

Briefcase = "\U0001F4BC",
File_Folder = "\U0001F4C1",
Open_File_Folder = "\U0001F4C2",
Card_Index_Dividers = "\U0001F5C2",
Calendar = "\U0001F4C5",
Tear_Off_Calendar = "\U0001F4C6",
Spiral_Notepad = "\U0001F5D2",
Spiral_Calendar = "\U0001F5D3",
Card_Index = "\U0001F4C7",
Chart_Increasing = "\U0001F4C8",
Chart_Decreasing = "\U0001F4C9",
Bar_Chart = "\U0001F4CA",
Clipboard = "\U0001F4CB",
Pushpin = "\U0001F4CC",
Round_Pushpin = "\U0001F4CD",
Paperclip = "\U0001F4CE",
Linked_Paperclips = "\U0001F587",
Straight_Ruler = "\U0001F4CF",
Triangular_Ruler = "\U0001F4D0",
Scissors = "\U00002702",

# Writting

Pencil = "\U0000270F",
Black_Nib = "\U00002712",
Fountain_Pen = "\U0001F58B",
Pen = "\U0001F58A",
Paintbrush = "\U0001F58C",
Crayon = "\U0001F58D",
Memo = "\U0001F4DD",

# mail

Envelope = "\U00002709",
Email = "\U0001F4E7",
Incoming_Envelope = "\U0001F4E8",
Envelope_with_Arrow = "\U0001F4E9",
Outbox_Tray = "\U0001F4E4",
Inbox_Tray = "\U0001F4E5",
Package = "\U0001F4E6",
Closed_Mailbox_Raised_Flag = "\U0001F4EB",
Closed_Mailbox_Lowered_Flag = "\U0001F4EA",
Open_Mailbox_Raised_Flag = "\U0001F4EC",
Open_Mailbox_Lowered_Flag = "\U0001F4ED",
Postbox = "\U0001F4EE",
Ballot_Box_with_Ballot = "\U0001F5F3",

# Sound
Muted_Speaker = "\U0001F507",
Speaker_Low_Volume = "\U0001F508",
Speaker_Medium_Volume = "\U0001F509",
Speaker_High_Volume = "\U0001F50A",
