#' Emoji Master List
#'
#' A list of emoji Unicode values with human-friendly names.
#'
#' @docType data
#' @keywords emoji
#' @name emoji_dict
#' @usage data(emoji_dict)
#' @format A named list of emoji names and corresponding Unicode symbols.
#' @examples
#' # data(emoji_dict)
#' # head(emoji_dict)
NULL

emoji_dict <- list(
  # Faces and Expressions
  smile = "\U0001F604",
  wink = "\U0001F609",
  sad = "\U0001F61E",
  surprised = "\U0001F62E",
  tongue_out = "\U0001F61B",
  angry = "\U0001F620",

  # People and Action
  person = "\U0001F9D1",
  family = "\U0001F46A",
  dancer = "\U0001F483",
  runner = "\U0001F3C3",
  worker = "\U0001F9D1\U0000200D\U0001F3ED",

  # Animals
  dog = "\U0001F436",
  cat = "\U0001F431",
  horse = "\U0001F40E",
  mouse = "\U0001F42D",
  lion = "\U0001F981",

  # Objects and Things
  heart = "\U00002764",
  star = "\U00002B50",
  gift = "\U0001F381",
  lightbulb = "\U0001F4A1",
  fire = "\U0001F525",

  # Food
  pizza = "\U0001F355",
  apple = "\U0001F34E",
  burger = "\U0001F354",
  cake = "\U0001F370",
  ice_cream = "\U0001F368",

  # Weather
  sun = "\U00002600",
  cloud = "\U00002601",
  rainbow = "\U0001F308",
  thunderstorm = "\U0001F329",
  snowflake = "\U00002744",

  # Travel and Places
  airplane = "\U0001F6E9",
  car = "\U0001F697",
  bus = "\U0001F68C",
  mountain = "\U0001F3D4",
  beach = "\U0001F3D6",

  # Symbols
  check = "\U00002705",
  cross = "\U0000274C",
  warning = "\U000026A0",
  info = "\U00002139",
  question = "\U00002753",
  stop = "\U0001F6D1",

  # Programming
  package = "\U0001F4E6",
  cran = "\U0001F4E6",
  laptop = "\U0001F4BB",
  devtools = "\U0001F4D8",
  setting = "\U00002699",

  # charts
  barchart = "\U0001F4CA",
  increasing = "\U0001F4C8",

  # hearts
  `Red Heart` = "\u2764\ufe0f",
  `Blue Heart` = "\U0001F499",
  `Green Heart` = "\U0001F49A",
  `Yellow Heart` = "\U0001F49B",
  `Purple Heart` = "\U0001F49C",
  `Black Heart` = "\U0001F5A4",
  `White Heart` = "\U0001F90D",
  `Brown Heart` = "\U0001F90E",

  # coffee
  coffee = "\u2615",

  # Other
  wrench = "\U0001F527",
  sparkles = "\u2728",
  brain = "\U0001F9E0",
  pain = "\U0001F623",
  pregnancy = "\U0001F930",
  keyboard = "\U00002328",
  announcement = "\U0001F4E2",
  globe = "\U0001F30D",
  sparkling_heart <- "\U0001F496",
  bug = "\U0001F41B",
  goat = "\U1F410",

  # country flags
  Afghanistan = "\U0001F1E6\U0001F1EB",
  Albania = "\U0001F1E6\U0001F1F1",
  Algeria = "\U0001F1E9\U0001F1FF",
  American_Samoa = "\U0001F1E6\U0001F1F8",
  Andorra = "\U0001F1E6\U0001F1E9",
  Angola = "\U0001F1E6\U0001F1F4",
  Anguilla = "\U0001F1E6\U0001F1EE",
  Antarctica = "\U0001F1E6\U0001F1F6",
  Antigua_and_Barbuda = "\U0001F1E6\U0001F1EC",
  Argentina = "\U0001F1E6\U0001F1F7",
  Armenia = "\U0001F1E6\U0001F1F2",
  Aruba = "\U0001F1E6\U0001F1FC",
  Australia = "\U0001F1E6\U0001F1FA",
  Austria = "\U0001F1E6\U0001F1F9",
  Azerbaijan = "\U0001F1E6\U0001F1FF",
  Bahamas = "\U0001F1E7\U0001F1F8",
  Bahrain = "\U0001F1E7\U0001F1ED",
  Bangladesh = "\U0001F1E7\U0001F1E9",
  Barbados = "\U0001F1E7\U0001F1E7",
  Belarus = "\U0001F1E7\U0001F1FE",
  Belgium = "\U0001F1E7\U0001F1EA",
  Belize = "\U0001F1E7\U0001F1FF",
  Benin = "\U0001F1E7\U0001F1EF",
  Bermuda = "\U0001F1E7\U0001F1F2",
  Bhutan = "\U0001F1E7\U0001F1F9",
  Bolivia_Plurinational_State_of = "\U0001F1E7\U0001F1F4",
  Bonaire_Sint_Eustatius_and_Saba = "\U0001F1E7\U0001F1F6",
  Bosnia_and_Herzegovina = "\U0001F1E7\U0001F1E6",
  Botswana = "\U0001F1E7\U0001F1FC",
  Bouvet_Island = "\U0001F1E7\U0001F1FB",
  Brazil = "\U0001F1E7\U0001F1F7",
  British_Indian_Ocean_Territory = "\U0001F1EE\U0001F1F4",
  Brunei_Darussalam = "\U0001F1E7\U0001F1F3",
  Bulgaria = "\U0001F1E7\U0001F1EC",
  Burkina_Faso = "\U0001F1E7\U0001F1EB",
  Burundi = "\U0001F1E7\U0001F1EE",
  Cabo_Verde = "\U0001F1E8\U0001F1FB",
  Cambodia = "\U0001F1F0\U0001F1ED",
  Cameroon = "\U0001F1E8\U0001F1F2",
  Canada = "\U0001F1E8\U0001F1E6",
  Cayman_Islands = "\U0001F1F0\U0001F1FE",
  Central_African_Republic = "\U0001F1E8\U0001F1EB",
  Chad = "\U0001F1F9\U0001F1E9",
  Chile = "\U0001F1E8\U0001F1F1",
  China = "\U0001F1E8\U0001F1F3",
  Christmas_Island = "\U0001F1E8\U0001F1FD",
  `Cocos_(Keeling)_Islands` = "\U0001F1E8\U0001F1E8",
  Colombia = "\U0001F1E8\U0001F1F4",
  Comoros = "\U0001F1F0\U0001F1F2",
  Congo = "\U0001F1E8\U0001F1EC",
  Congo_The_Democratic_Republic_of_the = "\U0001F1E8\U0001F1E9",
  Cook_Islands = "\U0001F1E8\U0001F1F0",
  Costa_Rica = "\U0001F1E8\U0001F1F7",
  Croatia = "\U0001F1ED\U0001F1F7",
  Cuba = "\U0001F1E8\U0001F1FA",
  Curaçao = "\U0001F1E8\U0001F1FC",
  Cyprus = "\U0001F1E8\U0001F1FE",
  Czechia = "\U0001F1E8\U0001F1FF",
  `Côte_d'Ivoire` = "\U0001F1E8\U0001F1EE",
  Denmark = "\U0001F1E9\U0001F1F0",
  Djibouti = "\U0001F1E9\U0001F1EF",
  Dominica = "\U0001F1E9\U0001F1F2",
  Dominican_Republic = "\U0001F1E9\U0001F1F4",
  Ecuador = "\U0001F1EA\U0001F1E8",
  Egypt = "\U0001F1EA\U0001F1EC",
  El_Salvador = "\U0001F1F8\U0001F1FB",
  Equatorial_Guinea = "\U0001F1EC\U0001F1F6",
  Eritrea = "\U0001F1EA\U0001F1F7",
  Estonia = "\U0001F1EA\U0001F1EA",
  Eswatini = "\U0001F1F8\U0001F1FF",
  Ethiopia = "\U0001F1EA\U0001F1F9",
  `Falkland_Islands_(Malvinas)` = "\U0001F1EB\U0001F1F0",
  Faroe_Islands = "\U0001F1EB\U0001F1F4",
  Fiji = "\U0001F1EB\U0001F1EF",
  Finland = "\U0001F1EB\U0001F1EE",
  France = "\U0001F1EB\U0001F1F7",
  French_Guiana = "\U0001F1EC\U0001F1EB",
  French_Polynesia = "\U0001F1F5\U0001F1EB",
  French_Southern_Territories = "\U0001F1F9\U0001F1EB",
  Gabon = "\U0001F1EC\U0001F1E6",
  Gambia = "\U0001F1EC\U0001F1F2",
  Georgia = "\U0001F1EC\U0001F1EA",
  Germany = "\U0001F1E9\U0001F1EA",
  Ghana = "\U0001F1EC\U0001F1ED",
  Gibraltar = "\U0001F1EC\U0001F1EE",
  Greece = "\U0001F1EC\U0001F1F7",
  Greenland = "\U0001F1EC\U0001F1F1",
  Grenada = "\U0001F1EC\U0001F1E9",
  Guadeloupe = "\U0001F1EC\U0001F1F5",
  Guam = "\U0001F1EC\U0001F1FA",
  Guatemala = "\U0001F1EC\U0001F1F9",
  Guernsey = "\U0001F1EC\U0001F1EC",
  Guinea = "\U0001F1EC\U0001F1F3",
  `Guinea-Bissau` = "\U0001F1EC\U0001F1FC",
  Guyana = "\U0001F1EC\U0001F1FE",
  Haiti = "\U0001F1ED\U0001F1F9",
  `Heard_Island_and_McDonald_Islands` = "\U0001F1ED\U0001F1F2",
  `Holy_See_(Vatican_City_State)` = "\U0001F1FB\U0001F1E6",
  Honduras = "\U0001F1ED\U0001F1F3",
  Hong_Kong = "\U0001F1ED\U0001F1F0",
  Hungary = "\U0001F1ED\U0001F1FA",
  Iceland = "\U0001F1EE\U0001F1F8",
  India = "\U0001F1EE\U0001F1F3",
  Indonesia = "\U0001F1EE\U0001F1E9",
  Iran_Islamic_Republic_of = "\U0001F1EE\U0001F1F7",
  Iraq = "\U0001F1EE\U0001F1F6",
  Ireland = "\U0001F1EE\U0001F1EA",
  Isle_of_Man = "\U0001F1EE\U0001F1F2",
  Israel = "\U0001F1EE\U0001F1F1",
  Italy = "\U0001F1EE\U0001F1F9",
  Jamaica = "\U0001F1EF\U0001F1F2",
  Japan = "\U0001F1EF\U0001F1F5",
  Jersey = "\U0001F1EF\U0001F1EA",
  Jordan = "\U0001F1EF\U0001F1F4",
  Kazakhstan = "\U0001F1F0\U0001F1FF",
  Kenya = "\U0001F1F0\U0001F1EA",
  Kiribati = "\U0001F1F0\U0001F1EE",
  `Korea_Democratic_People's_Republic_of` = "\U0001F1F0\U0001F1F5",
  Korea_Republic_of = "\U0001F1F0\U0001F1F7",
  Kuwait = "\U0001F1F0\U0001F1FC",
  Kyrgyzstan = "\U0001F1F0\U0001F1EC",
  `Lao_People's_Democratic_Republic` = "\U0001F1F1\U0001F1E6",
  Latvia = "\U0001F1F1\U0001F1FB",
  Lebanon = "\U0001F1F1\U0001F1E7",
  Lesotho = "\U0001F1F1\U0001F1F8",
  Liberia = "\U0001F1F1\U0001F1F7",
  Libya = "\U0001F1F1\U0001F1FE",
  Liechtenstein = "\U0001F1F1\U0001F1EE",
  Lithuania = "\U0001F1F1\U0001F1F9",
  Luxembourg = "\U0001F1F1\U0001F1FA",
  Macao = "\U0001F1F2\U0001F1F4",
  Madagascar = "\U0001F1F2\U0001F1EC",
  Malawi = "\U0001F1F2\U0001F1FC",
  Malaysia = "\U0001F1F2\U0001F1FE",
  Maldives = "\U0001F1F2\U0001F1FB",
  Mali = "\U0001F1F2\U0001F1F1",
  Malta = "\U0001F1F2\U0001F1F9",
  Marshall_Islands = "\U0001F1F2\U0001F1ED",
  Martinique = "\U0001F1F2\U0001F1F6",
  Mauritania = "\U0001F1F2\U0001F1F7",
  Mauritius = "\U0001F1F2\U0001F1FA",
  Mayotte = "\U0001F1FE\U0001F1F9",
  Mexico = "\U0001F1F2\U0001F1FD",
