#' Emoji Master List
#'
#' A list of emoji Unicode values with human-friendly names.
#'
#' @docType data
#' @keywords emoji
#' @name emoji_dict
#' @usage data(emoji_dict)
#' @format A named list of emoji names and corresponding Unicode symbols.
#' @examples
#' # data(emoji_dict)
#' # head(emoji_dict)
NULL

emoji_dict <- list(
  # Faces and Expressions
  smile = "\U0001F604",
  wink = "\U0001F609",
  sad = "\U0001F61E",
  surprised = "\U0001F62E",
  tongue_out = "\U0001F61B",
  angry = "\U0001F620",

  # People and Action
  person = "\U0001F9D1",
  family = "\U0001F46A",
  dancer = "\U0001F483",
  runner = "\U0001F3C3",
  worker = "\U0001F9D1\U0000200D\U0001F3ED",

  # Animals
  dog = "\U0001F436",
  cat = "\U0001F431",
  horse = "\U0001F40E",
  mouse = "\U0001F42D",
  lion = "\U0001F981",

  # Objects and Things
  heart = "\U00002764",
  star = "\U00002B50",
  gift = "\U0001F381",
  lightbulb = "\U0001F4A1",
  fire = "\U0001F525",

  # Food
  pizza = "\U0001F355",
  apple = "\U0001F34E",
  burger = "\U0001F354",
  cake = "\U0001F370",
  ice_cream = "\U0001F368",

  # Weather
  sun = "\U00002600",
  cloud = "\U00002601",
  rainbow = "\U0001F308",
  thunderstorm = "\U0001F329",
  snowflake = "\U00002744",

  # Travel and Places
  airplane = "\U0001F6E9",
  car = "\U0001F697",
  bus = "\U0001F68C",
  mountain = "\U0001F3D4",
  beach = "\U0001F3D6",

  # Symbols
  check = "\U00002705",
  cross = "\U0000274C",
  warning = "\U000026A0",
  info = "\U00002139",
  question = "\U00002753",
  stop = "\U0001F6D1",

  # Programming
  package = "\U0001F4E6",
  cran = "\U0001F4E6",
  laptop = "\U0001F4BB",
  devtools = "\U0001F4D8",
  setting = "\U00002699",

  # charts
  barchart = "\U0001F4CA",
  increasing = "\U0001F4C8",

  # hearts
  `Red Heart` = "\u2764\ufe0f",
  `Blue Heart` = "\U0001F499",
  `Green Heart` = "\U0001F49A",
  `Yellow Heart` = "\U0001F49B",
  `Purple Heart` = "\U0001F49C",
  `Black Heart` = "\U0001F5A4",
  `White Heart` = "\U0001F90D",
  `Brown Heart` = "\U0001F90E",

  # coffee
  coffee = "\u2615",

  # Other
  wrench = "\U0001F527",
  sparkles = "\u2728",
  brain = "\U0001F9E0",
  pain = "\U0001F623",
  pregnancy = "\U0001F930",
  keyboard = "\U00002328",
  announcement = "\U0001F4E2",
  globe = "\U0001F30D",
  sparkling_heart <- "\U0001F496",
  bug = "\U0001F41B"
)
